60666 6
60827 20
60602 25
60603 28
60661 36
60633 42
60604 44
60601 46
60606 54
60611 163
60654 163
60605 318
60656 348
60607 441
60646 463
60642 590
60653 610
60615 629
60655 633
60649 652
60631 670
60707 670
60616 676
60643 766
60610 803
60660 822
60626 858
60637 1003
60617 1037
60638 1071
60640 1163
60630 1186
60613 1321
60628 1468
60608 1480
60645 1555
60652 1606
60621 1624
60619 1707
60644 1894
60612 1910
60639 2038
60625 2054
60622 2228
60624 2261
60659 2314
60634 2324
60620 2380
60623 2459
60632 2610
60609 2659
60651 2711
60641 2897
60636 3398
60657 3453
60629 3964
60614 4334
60618 4886
60647 5130
